Time	day	Plot	Subplot	Mass_g	Al_mg_L	Ca_mg_L	Cd_ppb	Co_ppb	Cr_ppb	Cu_ppb	Fe_mg_L	K_mg_L	Mg_mg_L	Mn_mg_L	Na_mg_L	Ni_ppb	P_mg_L	Pb_ppb	S_mg_L	Zn_ppb	tot_C_%	tot_N_%	C_N
T0	0	C1	1	50.81	0.764	17.48395	0	0.8982	2.8745	156.575	0.2655	4.66735	3.852	0.7725	3.0795	7.9335	1.0695	1.0925	1.4655	144.65	43.69894	2.197777	19.88325
T0	0	C1	2	52.41	1.155	16.30395	0	0.697	0.5655	149.575	0.3435	4.92035	2.949	0.4575	2.9745	59.9675	0.9335	0.7875	1.4125	133.15	44.50594	1.949159	22.83341
T0	0	C1	3	48.41	0.936	20.08395	0	0.8811	12.5015	211.375	0.4215	5.13035	4.457	0.9355	2.2165	16.5375	1.1725	2.9005	1.6635	216.45	43.68409	2.102376	20.77844
T0	0	C1	4	50.89	1.101	20.97395	0	0.0753	1.5125	204.375	0.6125	5.00835	4.747	1.5955	2.7875	9.9775	1.8865	3.1445	1.2405	234.65	44.53788	2.006863	22.19278
T0	0	C2	5	47.51	2.735	11.36395	0	0	3.3755	132.375	0.2805	5.82735	4.662	1.4045	3.5335	5.3105	1.6365	2.6265	1.6495	184.65	41.68286	2.031441	20.51886
T0	0	C2	6	51.19	1.297	14.03395	0	0	8.1925	227.575	1.5275	5.77835	4.862	1.9435	3.3455	63.2175	1.9555	4.8485	1.8965	246.95	42.2332	2.314648	18.24606
T0	0	C2	7	51.72	0.578	10.04395	0	0	4.1815	103.575	0.2695	6.33235	4.352	0.8925	6.1345	4.2585	1.2655	3.6585	1.0565	120.05	43.05161	2.195489	19.60912
T0	0	C2	8	48.56	0.564	13.26395	0	0	4.6255	151.375	0.3585	5.24335	3.728	1.1795	3.0345	5.5305	1.3985	2.6395	1.3465	126.95	41.98767	1.846601	22.73781
T0	0	L1	9	48.45	3.023	14.42395	0	0	5.8315	243.275	0.5355	8.32535	1.942	0.3485	4.1855	15.5275	1.6165	6.2625	1.6425	316.15	43.55966	2.340652	18.61005
T0	0	L1	10	49.65	1.149	17.09395	0	6.0625	8.4345	160.575	0.2655	8.05635	2.65	0.4325	3.0085	21.0275	1.5715	2.1265	1.3465	123.15	43.80629	2.332589	18.78012
T0	0	L1	11	51.12	0.72	13.53395	0	0.2403	1.2565	135.475	0.1825	7.30035	2.166	0.2665	2.5185	5.2865	1.4565	4.0575	1.2635	125.35	44.11179	2.069446	21.31575
T0	0	L1	12	49.72	3.362	14.69395	0	0	6.7385	284.675	0.7905	8.65735	2.458	0.2725	2.8045	5.1495	1.5845	4.7255	1.4555	283.05	44.63422	2.277445	19.59837
T0	0	L2	13	50.24	3.671	13.01395	0	0	4.7835	210.675	0.2645	9.44135	2.252	0.1945	4.5595	6.6485	1.4825	2.1755	2.0895	164.85	46.81155	2.106789	22.21938
T0	0	L2	14	50.41	3.654	10.45395	0	0.0662	5.9005	226.675	0.3075	8.75935	2.295	0.1815	4.3365	5.6105	1.2645	3.5235	1.4915	177.15	45.878	2.194302	20.90779
T0	0	L2	15	52.8	2.595	4.50895	0	0	6.1355	234.875	1.1665	3.87235	1.093	0.0725	1.4995	8.9275	0.4895	3.2775	0.7845	285.15	45.12159	2.045607	22.0578
T0	0	L2	16	50.69	0.688	13.56395	0	0	1.3175	219.875	0.4285	9.98435	2.771	0.2455	1.6525	8.5815	1.4885	2.1615	1.5775	196.15	45.05422	1.869752	24.09636
T1	36	C1	1	42.72	1.911	18.51395	0.11025	0.7902	17.4515	59.055	0.2638	1.90335	3.544	1.6195	2.1355	14.0575	1.2955	0	2.1715	68.82	42.80826	2.154947	19.86511
T1	36	C1	2	43.45	0.7268	20.12395	0.09065	0.6347	6.7235	35.255	0.1404	1.92235	3.727	1.7585	2.5185	5.0465	1.4145	0.1525	2.4475	47.98	43.0243	2.155418	19.961
T1	36	C1	3	42.41	0.4583	15.89395	0.01815	1.0185	6.3095	14.095	0	2.04335	2.717	0.9781	3.7735	13.3875	1.1275	0	2.0905	34.03	43.09075	2.05159	21.00359
T1	36	C1	4	42.47	1.331	20.00395	0.08595	0.7487	12.6115	48.965	0.0004	1.77435	3.812	1.6125	1.6015	8.4435	1.5135	0	2.4165	74.34	42.51343	2.156768	19.71164
T1	36	C2	5	42.32	1.611	10.55395	0.01145	0.8667	7.7175	45.525	0.111	1.58935	3.099	1.3375	3.4925	4.7265	1.0365	0	1.6955	47.8	40.41467	2.046763	19.74565
T1	36	C2	6	43.5	0.1752	5.38495	0.15845	0.8381	0.3005	19.325	0	0.79495	1.519	0.5118	1.6715	1.9235	0.3917	0	0.7868	26.41	41.61147	1.902942	21.86691
T1	36	C2	7	44.65	1.137	11.95395	0.06665	1.1605	8.5085	17.965	0.1328	2.46035	3.2	1.4255	1.8075	4.3535	1.0505	0	1.7915	52.66	41.19697	1.989913	20.7029
T1	36	C2	8	41.87	0.8538	9.73995	0.06705	0.7175	8.9915	36.085	0.1057	2.10535	3.066	1.3665	1.8605	7.0615	1.1935	0	1.7285	39.73	40.63301	1.797545	22.60472
T1	36	L1	9	43.55	3.053	10.69395	0.07065	1.0325	8.7295	32.195	0.8038	1.70135	1.337	0.3873	6.4965	3.7395	1.1065	0	1.7675	44.32	40.00765	1.899666	21.06036
T1	36	L1	10	45.35	2.936	14.90395	0	0.6257	12.9015	48.125	0.2929	1.08735	1.294	0.4214	3.5495	5.8485	0.9955	0	2.1975	36.51	42.9749	1.985233	21.64728
T1	36	L1	11	43.91	2.353	9.60495	0.06865	0.8381	6.3685	45.205	0.3731	1.13535	1.017	0.3362	5.2205	3.8805	0.8623	0	1.5865	40.89	41.49054	1.900433	21.83215
T1	36	L1	12	43.39	1.295	13.10395	0.08495	0.7392	9.5815	23.455	0.1264	3.85735	1.822	0.3	0.9665	5.6245	1.1715	0	1.9695	33.88	41.59148	2.191492	18.97861
T1	36	L2	13	46.04	3.74	14.24395	0.07225	1.9975	15.0615	21.325	0.5949	3.06935	2.984	0.2847	3.1445	6.5775	1.1575	0	4.0795	45.97	41.8449	1.650034	25.36002
T1	36	L2	14	42.02	3.231	13.20395	0.04175	0.7686	13.2315	51.085	0.5217	2.31635	2.403	0.2158	2.4435	6.8745	1.0655	0	2.4525	43.11	43.66743	1.849918	23.60506
T1	36	L2	15	44.35	4.01	14.62395	0.03725	1.2055	11.5915	59.015	0.2404	2.99135	3.059	0.2815	1.1115	5.5715	1.0445	0.3015	2.8635	52.33	42.6625	1.705666	25.01222
T1	36	L2	16	40.77	5.58	15.03395	0.06175	1.4725	10.3315	48.835	0.4332	1.31535	2.539	0.2553	3.1545	6.7165	0.9529	0	2.8925	61.89	43.97663	1.843834	23.85065
T2	66	C1	1	36.4	2.833	18.21395	0.04665	1.6225	14.0215	36.655	0.3851	0.70085	2.738	1.6555	0.8683	8.3475	0.7812	0	2.4505	63.83	42.44015	1.865822	22.74609
T2	66	C1	2	34.7	2.859	19.89395	0	1.5975	19.5215	202.875	1.3455	0.82625	3.567	1.8295	1.1475	10.0875	1.2555	6.1735	2.4895	110.05	43.8805	1.976994	22.19557
T2	66	C1	3	34.52	1.697	17.29395	0.03165	1.4985	10.0415	40.835	0.0463	0.46125	2.935	1.5955	1.9265	5.9275	0.5884	0	1.6345	73.32	42.66607	1.931566	22.08885
T2	66	C1	4	38.36	3.953	18.70395	0.14695	1.4735	18.7815	34.075	1.3545	0.64065	3.161	1.6885	2.0425	9.0675	1.0075	0	2.4005	67.95	41.52356	1.900324	21.85078
T2	66	C2	5	33.29	1.539	9.36795	0.01245	1.2655	8.5615	26.945	0.4307	0.48185	2.427	1.3135	1.3925	4.4965	0.554	0	0.8231	35.51	40.29613	1.925838	20.92395
T2	66	C2	6	33.11	0.858	6.31695	0.11275	0.0892	4.3115	35.495	0.071	0.34465	1.656	1.0925	0.5997	2.6145	0.3742	2.0535	1.1035	41.04	39.19931	2.278522	17.20383
T2	66	C2	7	35.42	7.852	10.11395	0.10985	1.1365	8.6865	36.035	1.7985	0.76485	2.36	1.3915	2.4175	6.1555	0.3309	1.9415	1.0935	63.78	36.64397	1.991889	18.39659
T2	66	C2	8	35.77	2.073	6.89195	0.06045	0.3292	2.8465	18.325	0.1572	0.05265	1.486	0.8636	0.2441	2.6355	0.2024	1.1035	0.3817	31.15	38.84283	2.314586	16.78176
T2	66	L1	9	34.18	1.402	10.80395	0.05535	0.4997	6.0225	1.555	0.2913	0.55335	0.933	0.3372	0.6159	4.3235	0.7332	0.6685	2.3555	23	41.66502	2.27219	18.33694
T2	66	L1	10	39.62	5.28	17.30395	0.14985	1.5375	9.0915	22.185	0.5528	0.55385	1.513	0.5588	3.0005	3.7555	0.8441	1.3845	2.8535	61.87	42.2439	2.203526	19.17105
T2	66	L1	11	40.21	5.967	11.70395	0.03035	1.7385	12.5615	11.195	1.5605	0.28615	0.8757	0.3778	1.0035	4.2285	0.7705	1.1675	1.6535	30.8	40.93286	2.229678	18.35819
T2	66	L1	12	37.99	4.84	11.25395	0.25845	1.3275	8.5495	42.935	0.5043	0.33285	0.7674	0.378	3.2435	3.4645	0.4708	3.9885	1.6225	78.49	41.19501	2.320495	17.75268
T2	66	L2	13	34.91	6.816	8.72395	0.04825	1.5815	8.3675	25.135	1.0155	0.03775	1.248	0.1658	3.5625	3.5735	0.4031	0.0025	0.8211	62.48	40.25187	1.935381	20.7979
T2	66	L2	14	33.81	3.005	10.66395	0.46705	1.0075	8.1445	70.815	1.0175	0.30165	1.5	0.198	3.2715	3.2705	0.7235	1.1275	1.8105	62.3	42.1456	2.308546	18.25634
T2	66	L2	15	36.23	1.152	10.63395	0.13785	0.3078	6.4625	30.455	0.1209	0.45725	1.855	0.268	1.5905	3.9705	0.6047	1.0765	1.7375	40.4	42.16122	2.620936	16.08632
T2	66	L2	16	35.5	8.423	16.93395	0	1.7395	19.0515	13.065	1.9075	1.02535	3.334	0.4167	1.5365	7.3385	1.0765	2.0115	2.6615	53.57	45.3604	2.255082	20.11475
T3	99	C1	1	34.09	1.855	16.88395	0.40585	0.3205	10.5015	82.575	0.9505	0.65515	3.59	1.5125	4.2465	6.1865	0.9488	8.2005	1.8295	76.46	42.21112	2.374447	17.77724
T3	99	C1	2	30.18	1.677	17.09395	0.00385	0.417	8.5135	30.385	0.2762	0.71125	3.132	1.6525	1.6105	3.8265	0.6819	5.4845	1.4675	59.81	41.95578	2.388719	17.56413
T3	99	C1	3	32.06	2.211	21.75395	0.08775	0	12.7315	27.985	0.4612	0.88265	4.383	1.9415	2.6995	7.2985	1.2705	8.6995	2.7395	77.17	42.04089	2.342011	17.95077
T3	99	C1	4	32.65	3.079	19.18395	0	0	15.4615	14.295	0.5821	0.73395	3.27	1.7995	0.9175	6.3815	0.8401	6.0725	2.4895	47.89	42.93423	2.054518	20.89747
T3	99	C2	5	28.65	7.417	12.64395	0.02325	1.2995	13.1815	16.975	3.5685	0.65815	3.385	1.7305	1.2235	7.9525	0.8266	5.7365	1.9205	70.51	40.065	2.062826	19.42238
T3	99	C2	6	30.92	3.845	15.20395	0.06945	0.5851	11.9415	43.075	1.5035	0.67265	2.907	2.4045	4.9215	6.5565	0.9975	1.2275	2.3015	67.85	38.47505	2.213258	17.3839
T3	99	C2	7	32.82	3.778	10.77395	0.64825	1.3605	10.7115	28.255	1.7355	0.63435	2.9	1.6235	2.8665	6.1575	0.8397	2.6975	2.0725	75.25	39.7175	2.286837	17.36787
T3	99	C2	8	33.38	2.598	12.75395	0.08975	0.5431	7.0535	27.155	1.0635	0.64745	2.589	1.8825	2.2105	3.6515	0.9447	2.5215	2.5665	62.11	40.59012	1.932341	21.00567136
T3	99	L1	9	31.42	6.213	11.31395	0.02985	0.3771	8.1855	49.365	1.3585	0.04045	0.995	0.3608	3.0575	3.6425	0.642	0.2025	0.8185	64.66	38.32856	2.276137	16.8393
T3	99	L1	10	33.61	4.366	10.57395	0	0.731	6.0165	26.175	1.1645	0.46425	0.8212	0.3622	1.0465	3.4835	0.6753	0.9295	1.5125	37.54	41.32902	2.225241	18.57283
T3	99	L1	11	35.78	1.934	9.05795	0.02985	0.4911	6.7875	51.775	0.7906	0.35395	0.7076	0.3013	2.1345	2.7805	0.5714	0.5115	0.7302	31.05	42.35609	2.214393	19.12763
T3	99	L1	12	34.14	2.751	12.78395	0	2.4255	8.3915	28.315	0.6878	0.31465	1.104	0.4178	2.6095	3.5065	0.7545	0.3545	1.6425	51.57	42.8753	1.901059	22.55338
T3	99	L2	13	30.92	6.581	8.42795	0.04535	1.0955	4.6415	25.105	0.301	0.24445	1.237	0.1333	3.3495	3.3385	0.4111	0	1.6325	31.04	41.40639	2.201886	18.80497
T3	99	L2	14	31.11	9.304	13.64395	0	1.4485	27.1415	83.975	2.2635	0.70165	2.083	0.2465	3.9005	8.6765	0.9267	4.3225	2.6265	80.5	41.33219	1.88556	21.92037
T3	99	L2	15	34.22	3.26	14.16395	0.05565	0.7708	13.0115	38.325	0.5731	0.89555	3.038	0.3014	2.1205	9.2675	0.7705	0.9535	2.3815	42.74	43.59768	2.046885	21.29953
T3	99	L2	16	31.03	3.403	10.34395	0.06705	0.9885	18.3315	39.695	1.0265	0.84985	2.442	0.288	0.7249	6.4295	0.7327	1.2085	1.2045	49.73	43.56123	1.938535	22.47121
T4	125	C1	1	32.8	6.364	17.20395	0.10365	0.6311	10.5915	34.005	1.2075	0.74595	3.791	2.4275	3.5755	8.0815	0.5211	2.2405	2.8145	72.62	39.34617	2.00644	19.60994
T4	125	C1	2	28.94	8.277	15.16395	0.05405	0.7559	14.9615	41.355	1.4085	0.82265	3.601	2.4545	1.4785	8.2735	0.5387	0	1.7165	87.25	39.28858	1.968791	19.95569
T4	125	C1	3	28.06	4.839	15.97395	0.03915	0.6212	11.3715	25.105	2.0385	0.99335	3.019	2.4155	1.2615	5.9935	1.2725	2.9705	2.4495	63.66	38.93655	1.926942	20.20639
T4	125	C1	4	29.98	3.638	10.17395	0	0.2573	10.3215	32.495	1.6345	0.75395	1.849	1.4775	1.1205	6.6555	0.7222	2.3775	1.9935	55.28	40.31174	1.772994	22.73653
T4	125	C2	5	26.31	7.102	10.01395	0.11465	0.8717	8.5605	3.805	1.9145	0.15455	0.917	0.2817	1.1965	4.9875	0.6047	1.8745	1.0325	40.43	39.41272	2.123447	18.56073
T4	125	C2	6	29.68	5.962	10.23395	0.06945	0.7416	10.7215	31.075	1.2205	0.16815	0.8552	0.3307	4.3445	3.9175	0.4988	1.3005	0.8899	52.81	40.21477	2.008567	20.02162
T4	125	C2	7	29	5.496	16.04395	0.25865	0.7665	12.1815	10.685	1.3025	0.48505	1.052	0.5727	4.9055	6.6195	0.8102	4.0075	2.0665	49.01	40.14893	2.416099	16.61725
T4	125	C2	8	28.23	5.49	13.95395	0.09885	0.6517	10.7115	38.875	1.3885	0.53935	1.185	0.3926	3.6605	4.6715	0.7813	2.5385	1.9595	62.3	40.0532	2.157366	18.56579
T4	125	L1	9	30.11	4.887	17.29395	0.01785	0.7866	21.5615	83.875	1.8775	0.89495	2.292	1.6085	2.4665	11.1375	1.1935	3.2375	2.6335	95.15	42.29263	1.98971	21.25568
T4	125	L1	10	30.19	3.147	16.24395	0.10345	0.9133	8.4455	11.525	1.0295	0.58865	2.436	1.5485	1.2705	5.0055	0.7903	0.3485	1.7415	52.73	41.49925	2.039705	20.34571
T4	125	L1	11	30.24	2.606	15.75395	0.13055	0.6138	7.3245	67.545	0.683	0.56715	2.729	1.5595	2.0655	5.7075	0.7144	1.8965	1.5745	67.48	41.48098	1.808249	22.93986
T4	125	L1	12	31.6	7.805	22.79395	0.10025	0.3715	13.1415	27.635	1.1505	0.67255	3.346	2.1275	2.3435	7.4795	0.618	2.4365	2.7535	78.75	40.52767	2.138808	18.94872
T4	125	L2	13	30.18	7.63	14.56395	0.44405	1.1165	9.2915	11.375	1.3805	0.86905	2.614	0.2816	3.9215	6.7535	0.9574	3.2335	1.7545	78.09	40.86819	2.236706	18.2716
T4	125	L2	14	30.79	8.826	14.95395	0.42215	1.0875	14.0115	22.945	0.7448	0.61575	2.329	0.3254	4.8895	10.3375	0.7785	5.0735	2.4045	90.05	40.92703	1.899572	21.54539
T4	125	L2	15	31.73	5.566	15.74395	0	1.0505	15.4615	17.625	1.3745	0.90255	2.579	0.3264	1.2765	6.6155	1.1055	6.8625	2.9825	48.38	42.89964	2.261395	18.97043
T4	125	L2	16	29.77	9.785	12.80395	0.00105	1.4545	13.4515	23.195	1.5335	0.21815	1.874	0.3021	1.9585	20.5075	0.8561	3.7425	1.3615	102.05	39.90503	2.052067	19.44626
T5	157	C1	1	26.96	8.125	11.04395	0.07075	1.0175	13.5115	7.185	2.0775	0.34575	0.7574	0.3489	0.7517	6.9325	0.8915	4.6275	1.3775	98.65	43.40403	1.996584	21.73914
T5	157	C1	2	25.43	9.187	11.14395	0.00375	0.851	15.8715	15.915	2.6605	0.32435	0.8304	0.3155	1.5235	6.8735	0.9221	5.7275	1.0615	61.78	42.83334	1.836592	23.32218
T5	157	C1	3	23.43	7.008	15.31395	0	0.728	16.9015	3.585	2.0435	0.53645	1.352	0.5605	3.6725	6.9165	1.1185	3.6475	2.2245	47.11	39.43916	1.910349	20.645
T5	157	C1	4	23.26	4.965	13.48395	0.00165	0.5752	9.3815	0	1.4905	0.44035	1.258	0.5182	1.3225	4.3695	0.8367	3.7865	2.1485	45.65	40.55087	1.956626	20.7249
T5	157	C2	5	23.76	6.795	13.01395	0.33025	0.9515	17.0415	5.425	1.3865	0.50285	1.83	0.3033	3.4835	12.8275	0.8901	5.4915	2.4865	60.41	43.14753	2.056268	20.98342
T5	157	C2	6	23.54	4.363	15.13395	0.09855	0.6752	14.6415	2.575	0.583	0.19155	2.24	0.3534	0.9135	8.9275	0.7961	3.3275	1.6585	44.09	41.45908	2.079825	19.93393
T5	157	C2	7	27.49	6.782	11.39395	0.01515	0.9188	8.8615	7.275	1.0835	0.11175	1.328	0.2123	4.4535	2.8645	0.5318	6.3965	0.9805	68.79	41.32277	2.218014	18.63053
T5	157	C2	8	26.14	5.894	10.26395	0.01385	0.8549	8.5525	0	1.1045	0.37155	1.457	0.2492	1.6145	4.2755	0.6068	2.9275	1.6675	43.39	41.93811	2.184827	19.19516
T5	157	L1	9	28.94	3.424	24.86395	0.76655	0.71	10.8615	3.465	1.0585	0.73475	3.979	2.2315	3.8795	10.0075	1.2905	6.2415	3.0685	110.15	40.68953	2.026423	20.07948
T5	157	L1	10	27.3	3.834	18.79395	0.08085	0.6722	9.9615	11.095	1.1275	0.70975	2.575	1.9855	1.3305	5.3985	0.777	6.3715	2.0875	71.27	40.93758	2.126178	19.25407
T5	157	L1	11	26.49	4.678	23.85395	0.33325	1.9475	10.9415	13.065	0.504	0.69035	3.25	2.4455	4.2025	8.2135	0.9461	6.4915	3.0725	90.15	39.04086	2.035568	19.17934
T5	157	L1	12	28.72	3.717	19.65395	0.01245	0.5734	11.4215	4.135	1.0775	0.67815	2.51	1.9655	2.0965	6.8775	1.0245	3.7095	2.7605	63.25	41.65201	2.392542	17.40911
T5	157	L2	13	25.3	6.407	16.73395	0.54215	1.2405	7.9855	1.505	2.8605	0.93035	3.538	2.2255	2.2815	5.1665	0.9029	5.7425	2.4735	83.03	38.50389	2.055069	18.73606
T5	157	L2	14	27.28	0	15.66395	0.10565	0.4611	-0.2305	0	0	0.48325	2.99	1.7095	2.8575	2.6435	0.1045	0	3.0585	66.49	38.53309	2.042703	18.86378
T5	157	L2	15	30.15	3.687	14.88395	0.13345	0.4552	2.9615	1.235	0.3841	0.23855	3.061	2.0875	1.6925	4.8805	0.0041	-0.7953	2.0085	86.75	38.65448	2.095662	18.445
T5	157	L2	16	23.46	9.995	16.41395	0	1.6285	13.6015	24.915	4.8905	1.70635	3.626	2.7985	4.9395	5.8825	1.3275	5.5395	2.8185	82.5	37.71328	1.952786	19.31255
T6	189	C1	1	19.01	2.591	21.37395	0.30045	0.3393	9.6715	0	0.4589	0.64345	3.89	1.9635	4.5735	5.7815	0.9267	0	2.7635	59.83	40.88583	2.180938	18.7469
T6	189	C1	2	19.23	4.19	23.33395	0.31115	0.4178	7.0465	2.315	1.2775	0.53585	3.205	2.2965	2.9615	4.2745	0.8892	-0.1655	3.1455	70.57	42.39674	2.203237	19.24293
T6	189	C1	3	20.8	2.348	20.19395	0.19145	0.1852	5.6385	17.285	0.4288	1.05435	3.213	1.9585	7.2075	2.9435	1.0175	2.6015	3.0745	87.85	40.98811	2.350344	17.4392
T6	189	C1	4	18.2	3.297	17.36395	0.10755	0.3558	7.3725	7.035	0.8289	0.65305	2.81	1.8085	3.1845	2.7815	0.6942	0	1.7175	74.26	41.32277	1.950785	21.18264
T6	189	C2	5	20.12	7.634	15.69395	0.33625	0.8948	8.2435	2.345	2.3185	1.24735	3.4	2.3225	4.2015	6.2335	0.7722	1.5335	2.6275	93.05	38.45011	2.130192	18.05007
T6	189	C2	6	20.23	5.025	12.08395	0.62855	0.8288	8.0575	16.485	1.2945	1.79135	1.805	1.6115	3.3295	5.6925	0.7293	2.1075	1.8535	134.45	37.33607	1.942432	19.2213
T6	189	C2	7	22.6	5.299	12.64395	0.29125	0.3346	9.8515	26.825	1.3225	0.94425	2.808	2.0085	2.2155	8.1715	0.7496	6.1525	2.7635	127.65	37.79425	2.313818	16.33415
T6	189	C2	8	24.12	4.211	9.64895	0.16605	0.8558	7.4775	14.675	1.5825	0.90975	2.446	1.5375	0.9745	4.2575	0.4762	1.1995	1.8405	67.74	38.64671	2.134129	18.10889
T6	189	L1	9	25.16	7.259	10.16395	0.39455	0.5673	8.4695	0	1.0745	0.46465	1.296	0.3299	3.4915	3.2475	0.6516	0	2.6245	53.81	39.07637	2.161567	18.0778
T6	189	L1	10	23.29	7.968	9.84195	0.60865	0	9.3215	6.925	2.2825	0.42855	0.8677	0.3328	3.0835	3.6575	0.7727	3.1855	2.6505	68.94	41.27394	2.233498	18.47951
T6	189	L1	11	23.06	6.611	14.24395	0.42545	0.5457	8.9215	13.665	2.0415	0.64615	1.374	0.4774	4.0415	5.6085	1.0435	2.9095	3.0075	82.28	40.98306	2.561153	16.0018
T6	189	L1	12	22.84	9.345	10.73395	0.26125	0.6805	12.7815	0	2.7855	0.62995	1.013	0.3034	5.1775	5.8895	0.9118	0	2.6575	51.78	42.088	2.359655	17.83651
T6	189	L2	13	23.63	7.412	11.70395	0.34445	0.5205	14.2915	16.075	1.9335	0.39105	1.573	0.2652	2.3025	5.3695	0.6698	2.6245	2.5875	75.89	42.20918	1.973912	21.38352
T6	189	L2	14	26.49	12.595	10.74395	0.13815	0.6866	15.4115	2.155	2.1485	0.36345	1.274	0.256	2.1685	6.0635	0.5538	0	2.0875	48.15	41.97577	2.096315	20.0236
T6	189	L2	15	27.19	11.805	12.12395	0.03675	0.6317	11.2015	7.415	2.0805	0.21275	1.702	0.3013	1.7865	3.8275	0.4597	0	1.8425	45.36	41.49246	2.104653	19.71463
T6	189	L2	16	20.23	7.212	9.98395	0.46615	0.5618	11.4015	0.585	1.4615	0.27955	1.213	0.197	3.5045	5.6405	0.5838	0.5395	2.4725	63.6	43.32141	2.439975	17.75486
T7	221	C1	1	15.07	2.633	21.91395	0.37355	1.4285	10.7615	19.455	0.5603	0.99635	2.903	2.2635	2.4255	24.7875	1.2495	5.5145	3.1065	110.15	42.87933	2.358551	18.18037
T7	221	C1	2	17.93	2.321	19.72395	0.50925	3.7065	3.6555	14.115	0.1363	0.83125	2.786	2.1045	2.5715	3.6965	0.5655	3.6635	2.5245	91.65	40.72706	2.327308	17.49964
T7	221	C1	3	19.29	7.791	21.05395	0.40855	25.5615	16.1215	11.195	1.7095	1.55935	2.507	2.3015	3.8405	7.8025	0.9506	2.9455	2.9365	77.41	40.96836	2.099698	19.51155
T7	221	C1	4	14.36	4.452	21.25395	0.14915	1.2895	8.6825	13.105	1.4335	0.97385	3.667	2.2025	2.9995	5.1625	1.2315	4.3145	3.0465	80.29	40.52892	2.308032	17.55995
T7	221	C2	5	18.73	9.312	12.81395	0.08055	2.3495	8.4685	22.965	3.0665	0.85645	2.58	1.6875	0.7273	17.2475	0.5487	6.2075	0.9395	98.25	36.36106	2.199327	16.53281
T7	221	C2	6	19.11	4.188	8.15195	0.39915	0.8451	5.4305	17.825	1.6375	0.48905	1.851	1.2395	2.4675	3.8235	0.5364	4.8515	1.3275	66.54	37.26852	2.023854	18.41463
T7	221	C2	7	19.49	6.378	18.58395	0.27085	1.4825	11.1315	34.535	2.2775	1.06935	4.041	3.0425	3.6695	5.4015	1.1355	7.0905	3.3015	105.05	37.26388	2.057164	18.1142
T7	221	C2	8	20.31	2.892	13.77395	0.19265	0.7326	4.8015	9.615	0.8615	0.74135	1.797	0.4833	3.0045	3.8705	0.6482	5.6855	2.2375	50.42	41.44796	1.894063	21.88309
T7	221	L1	9	22.82	7.695	15.74395	0.04215	2.0205	15.4415	4.875	2.1135	0.52025	2.489	0.2661	1.3495	4.6395	0.8094	4.6585	2.3095	38.86	42.66751	1.987735	21.46539
T7	221	L1	10	19.97	7.461	9.81595	0.43725	0.6571	9.2215	13.795	1.8415	-0.00915	0.809	0.2809	5.0335	3.3015	0.5903	5.3845	0.6539	77.65	38.92533	2.256947	17.2469
T7	221	L1	11	20.3	7.286	6.67295	0.74645	0.7574	3.3955	1.595	1.6505	0.09485	0.5874	0.1603	4.7035	4.2255	0.4934	2.8155	1.1485	67.38	39.13657	2.160636	18.11345
T7	221	L1	12	19.32	8.421	7.83595	0	0.8513	9.3315	0	2.3305	0.01185	0.6315	0.2369	2.3535	4.5915	0.5814	2.3055	0.6663	30.97	39.94953	2.343907	17.04399
T7	221	L2	13	20.92	11.425	11.73395	0.02225	0.8499	11.2115	12.735	1.7975	0.04595	1.49	0.2166	2.8175	4.1315	0.7499	2.7035	1.0405	54.15	39.59464	2.175117	18.20345
T7	221	L2	14	22.76	6.769	8.36195	0.01765	0.9655	7.1385	7.745	0.8004	0	0.991	0.1637	3.3175	2.8925	0.4989	3.4855	0.6056	51.22	37.63172	2.44269	15.40585
T7	221	L2	15	20.48	10.005	10.45395	0.38195	1.3875	20.4615	25.635	1.9685	0	1.678	0.2014	2.6825	8.9475	0.5478	5.4015	0.6309	79.71	36.72699	2.442504	15.03661
T7	221	L2	16	19.03	10.785	9.45495	0.10275	0.8442	10.6915	4.225	1.1135	0	1.16	0.1903	5.1775	8.8275	0.2378	4.4565	0.7251	45.25	37.06264	2.593332	14.29151
T8	251	C1	1	11.15	5.968	21.99395	0.06865	0.4993	6.0765	16.035	1.3335	0.89695	2.194	2.4005	1.6645	3.2425	1.1825	8.8095	3.3455	118.45	40.08596	2.168011	18.48974
T8	251	C1	2	13	10.365	18.16395	0.40845	1.2105	5.6135	3.725	0.3769	0.87245	2.085	1.7655	5.2395	8.5915	0.1613	2.1185	0.811	88.55	36.9618	2.03783	18.13782
T8	251	C1	3	14.17	7.396	21.60395	0.43015	1.0575	11.0115	4.215	2.5975	1.41535	2.199	2.3065	3.6895	7.3155	1.2885	5.8675	2.7425	108.85	39.00143	1.991984	19.57919
T8	251	C1	4	13.7	3.621	22.02395	0.00875	0.2274	5.4055	0.825	1.0575	0.96225	2.257	2.1985	2.5415	3.6625	1.2715	4.3475	3.1145	75.35	40.21576	1.929776	20.8396
T8	251	C2	5	12.34	8.199	8.61395	0.63175	0.7066	7.7235	20.505	2.9425	1.06435	0.8488	1.7255	4.6765	30.3075	0.813	8.9495	1.6085	133.65	36.82189	1.375161	26.77642
T8	251	C2	6	16.23	5.833	8.53095	0.34105	0.6869	7.5325	8.175	2.3935	1.72235	1.015	1.6015	3.9085	7.1615	1.1555	5.2175	2.3335	96.55	37.71083	1.45825	25.86033
T8	251	C2	7	17.43	3.961	7.02595	0.61155	1.0705	3.6915	28.455	1.4925	1.43935	0.7977	1.4005	3.6075	26.1475	1.0235	8.6495	2.1605	112.35	40.17027	1.489167	26.97499
T8	251	C2	8	17.77	5.403	6.93295	0.11055	1.6705	6.1565	1.035	2.2135	1.55135	0.8931	1.4095	1.1225	3.3395	1.1025	4.0155	1.8205	86.55	38.4523	1.523658	25.23683
T8	251	L1	9	19.66	4.526	4.25795	0.19175	0.8159	10.3915	0	1.1855	0.92385	0.1596	0.1068	4.7005	5.5585	0.7771	4.3565	1.0445	86.85	43.4455	1.8257815	23.79556
T8	251	L1	10	17.84	9.042	7.20395	0.31955	0.9055	11.0915	17.635	2.6205	0.84445	0.5991	0.6329	6.5365	5.1125	0.9191	6.1825	1.7825	104.45	39.71738	1.53634	25.85195
T8	251	L1	11	19.27	9.234	6.09095	0.02275	1.2635	15.0615	20.195	2.2325	0.65455	0.5385	0.148	1.8655	6.8395	0.7386	5.2415	1.3055	70.27	40.30069	1.885042	21.3792
T8	251	L1	12	16.26	9.497	7.03095	0.04535	0.5622	25.7615	13.375	2.8175	0.75905	0.4861	0.2336	3.8645	11.7075	0.9234	9.0695	2.1515	73.19	38.2895	1.595294	24.00153
T8	251	L2	13	16.69	11.205	14.24395	0.42105	0.15	14.7615	5.305	2.1395	0.68985	1.561	0.3416	4.8795	4.7235	1.0035	8.9195	2.8295	80.66	37.77593	1.603974	23.55146
T8	251	L2	14	18.9	21.765	9.50495	0.14515	0.4292	14.1615	0	2.7435	0.40785	0.8189	0.2194	4.1005	4.7135	0.5261	8.1135	2.0155	66.18	38.05418	1.499411	25.37942
T8	251	L2	15	16.9	20.615	12.31395	0	0.5121	17.9615	13.525	3.6065	0.88765	1.274	0.3201	2.7685	5.5075	0.9349	12.6395	3.5485	89.65	37.88361	1.98231	19.11084
T8	251	L2	16	17.25	18.305	10.61395	0.17355	0.6865	11.9615	1.135	1.9395	0.53545	1.18	0.2734	4.1485	5.5875	0.5354	9.0595	1.5835	86.25	35.87703	1.50072	23.90654
T9	281	C1	1	7.11	10.715	20.45395	0.25555	1.1285	11.1215	15.235	3.0635	0.89105	2.757	1.8035	5.2805	6.0965	0.9605	10.0395	2.3845	93.25	35.06303	1.625732	21.56754
T9	281	C1	2	10.23	7.043	20.00395	0.04385	0.8903	8.8215	21.955	2.2555	0.77255	2.642	2.1435	2.7195	5.8915	1.1405	5.9825	3.1665	88.05	37.49626	2.039536	18.3847
T9	281	C1	3	12.17	7.045	26.18395	0.33305	0.6736	8.6785	4.355	0.8995	0.55895	3.337	2.8525	4.6015	4.2285	0.8499	5.5325	2.9335	77.71	35.72518	1.787582	19.9852
T9	281	C1	4	8.52	11.425	17.11395	0.07695	0.4953	10.2415	12.655	4.1115	0.94215	1.877	1.8945	2.5015	4.6275	1.1565	5.6665	2.7175	78.65	34.88179	1.758129	19.84029
T9	281	C2	5	9.31	3.46	7.79895	0.63285	0.6898	6.5755	19.505	1.4675	0.97255	1.212	1.4935	3.0995	5.1125	0.9051	6.2105	1.8095	94.95	38.19851	1.723251	22.16653
T9	281	C2	6	13.23	4.477	7.38695	0.24895	1.1435	4.4505	34.235	1.3705	0.63625	0.7685	1.2245	6.0485	4.1825	0.5104	8.4795	1.2635	99.35	34.16576	1.823967	18.73157
T9	281	C2	7	12.76	6.553	8.37695	0.17825	0.605	5.6215	8.995	2.3745	0.82685	0.89	1.5865	1.2255	2.9855	0.5274	5.6795	1.3095	70.4	32.92954	1.62668	20.2434
T9	281	C2	8	12.83	11.525	9.61895	0	1.5925	11.2415	43.915	5.3025	1.45835	1.143	1.7265	3.1865	6.6355	1.2705	11.0795	2.4585	108.95	38.88131	1.8859674	20.6161
T9	281	L1	9	11.12	13.505	5.61895	0.19325	0.6135	16.3315	0	3.0365	0.11305	0.4093	0.2308	5.2695	5.6805	0.5398	1.4955	0.9084	93.95	35.42714	1.592369	22.24807
T9	281	L1	10	11.43	11.825	5.41295	0.19275	0.8242	10.3415	0	2.3735	0.30865	0.3742	0.183	5.2625	4.6945	0.6297	3.5225	1.6055	82.52	33.91941	1.511416	22.44214
T9	281	L1	11	12.17	4.337	5.64895	0.52145	1.0975	10.9515	0	1.2125	0.74395	0.2862	0.1016	3.7715	4.9725	1.0135	4.0835	1.0895	83.64	41.2729	1.8306564	22.54541
T9	281	L1	12	10.29	6.955	5.93695	0.07515	0.6185	9.5715	0	1.7535	0.68405	0.4057	0.1724	0.9165	3.9265	0.7555	2.0985	1.7075	73.86	43.58004	1.772304	24.58948
T9	281	L2	13	11.23	21.505	8.40195	0	1.0705	19.4515	6.335	4.6865	0.36565	0.8062	0.2079	1.6515	7.8055	0.7876	5.4095	1.7905	84.85	34.37277	1.502842	22.87185
T9	281	L2	14	12.72	18.385	9.87495	0.65085	0.9029	27.8915	0.915	4.7275	0.37315	1.099	0.2518	3.9905	6.6215	0.8672	6.8445	2.0185	111.15	36.14065	1.726872	20.92839
T9	281	L2	15	13.34	24.995	4.74495	0.15255	0.7789	12.4715	4.915	2.0485	0.47325	0.5632	0.1211	1.1885	5.8795	0.0751	6.4855	1.5285	65.12	31.61834	1.412353	22.387
T9	281	L2	16	13.27	19.815	9.33895	0	0.9405	21.0515	1.075	4.7375	0.32095	0.8775	0.2322	1.0355	7.6495	0.7254	4.6365	1.6355	97.55	37.03284	1.54279	24.00381
T10	311	C1	1	6.87	8.453	17.76395	0.20905	1.4235	14.1915	1.635	2.4845	0.71025	2.107	1.7585	3.3675	8.8275	1.1775	6.0025	3.0585	91.65	37.66746	1.751335	21.50786
T10	311	C1	2	8.91	0	7.86995	0.09225	0.6738	0	0	0	0.42795	1.649	1.1475	6.2305	3.3305	0	0	2.3165	23.55	35.50908	1.740194	20.40524
T10	311	C1	3	10.21	12.415	18.80395	0.38955	1.2975	12.1615	3.865	4.1335	1.08235	2.338	2.1145	2.8125	5.0745	1.2545	8.6695	3.1925	86.35	33.59189	1.952723	17.20259
T10	311	C1	4	6.48	5.401	16.06395	0.10045	0.7768	7.6005	5.665	1.7705	0.97935	1.906	1.5465	6.6025	4.2715	1.3625	4.6765	2.9335	77.72	37.82507	1.531976	24.69038
T10	311	C2	5	6.39	8.494	9.53795	0.11785	1.1265	9.6315	2.825	2.1945	1.34135	1.905	1.1025	4.5605	6.0095	0.5383	4.6165	1.2575	73.52	36.91805	1.552947	23.77289
T10	311	C2	6	8.21	8.679	12.10395	0.33905	0.8285	7.6215	6.445	3.7745	1.01335	1.789	2.1905	2.9165	5.2365	0.9283	6.7535	2.4365	96.15	34.16076	1.699626	20.09899
T10	311	C2	7	8.06	4.43	12.48395	0.35045	1.1275	3.9855	0.085	1.9195	0.99435	1.722	1.8695	2.5345	4.0195	0.9509	6.1085	2.3295	88.55	37.0189	1.791207	20.66702
T10	311	C2	8	6.73	8.353	9.60395	0.06975	1.0745	7.9985	0.995	3.1315	1.18735	1.595	1.2735	5.2285	5.6395	1.1675	5.4075	2.3675	79.84	38.64354	1.490924	25.91918
T10	311	L1	9	8.46	14.165	5.30195	0.01225	0.5071	9.6615	0	3.4355	0.33215	0.3535	0.1754	1.1455	4.8915	0.6949	7.0295	2.3065	55.66	39.35966	1.508341	26.09466
T10	311	L1	10	9.63	14.365	7.03695	0.53845	0.3749	12.6515	0	3.7925	0.51405	0.4441	0.2272	3.1095	5.3485	0.9531	7.9485	2.4745	66.96	37.92603	1.555863	24.3762
T10	311	L1	11	7.32	12.225	6.76295	0.56305	0.6252	8.5995	0	3.1735	0.37965	0.4164	0.2484	3.7445	2.5505	0.8777	7.2045	2.5395	72.4	39.20625	1.738704	22.54912
T10	311	L1	12	8.8	17.765	7.44395	0	0.6076	13.3315	-0.895	4.6855	0.52555	0.4447	0.29	2.3745	4.6645	0.9765	7.7575	2.6505	77.54	38.87661	1.517682	25.61578
T10	311	L2	13	7.9	20.625	7.68995	0.62085	1.3115	18.0615	0	4.6075	0.50065	0.586	0.2305	4.1705	8.1525	0.6075	7.7065	2.3255	85.61	37.64579	1.48684	25.31932
T10	311	L2	14	10.94	25.035	9.35595	0	1.2275	19.1515	0	4.3075	0.42265	0.8726	0.2231	2.3585	7.1295	0.7763	9.5595	2.1335	86.35	36.45441	1.397477	26.08587
T10	311	L2	15	11.55	34.645	5.44595	0	1.3005	29.2415	4.155	8.8155	0.68625	0.5518	0.148	4.1905	15.3775	0.745	12.5795	2.1645	84.54	35.15447	1.308165	26.87311
T10	311	L2	16	10.86	16.615	7.61895	0.00765	0.3715	11.6215	0	2.3715	0.17055	0.6159	0.1672	3.5945	6.0205	0.5956	2.8815	1.0405	65.75	36.63741	1.3928848	26.30325
T11	340	C1	1	5.35	7.452	21.35395	0.12595	0.704	20.4215	0	2.0065	1.06035	2.184	2.1865	1.4785	7.6355	1.0645	2.6615	2.6645	72.05	37.40002	1.860926	20.09753
T11	340	C1	2	7.35	18.005	16.74395	0	0.5193	16.1815	0	5.4375	0.84535	2.669	2.1235	3.6965	6.7815	0.8731	4.7465	1.1325	71.26	27.35143	1.5896	17.20649
T11	340	C1	3	4.35	4.322	11.85395	0.07065	0.5831	12.7715	0	1.3065	0.92525	1.093	1.0205	2.6165	5.3605	0.8611	2.2255	1.7725	59.13	41.01625	1.6498438	24.86068
T11	340	C1	4	4.19	3.735	9.59695	0.10845	0.3425	8.4995	0	0.9865	1.03535	0.959	0.8839	2.3015	3.5795	0.8132	3.3595	1.6185	53.89	40.28711	1.753648	22.97331
T11	340	C2	5	3.56	7.499	5.70295	0.39355	0.8335	8.2785	0	2.5905	1.69935	0.7789	1.0155	2.9965	5.5715	0.9755	4.3085	1.7745	82.32	43.84976	2.119345	20.69024
T11	340	C2	6	4.16	6.915	7.09195	0.38315	1.1475	12.5115	0	2.6045	1.67635	0.7722	0.5713	3.8865	7.8315	1.0545	3.9215	1.5165	73.31	43.08768	1.752901	24.58078
T11	340	C2	7	4.92	5.705	8.38695	0.08815	1.0665	8.3535	2.005	1.9505	1.70135	1.249	1.3995	4.0875	5.4505	1.2745	4.5215	2.1575	93.85	43.26186	2.071011	20.88925
T11	340	C2	8	3.8	7.272	8.11695	0.07055	0.7106	8.4765	1.505	2.8805	1.50535	0.8157	0.9467	2.5245	3.8255	1.1975	4.3455	1.4175	74.19	42.79691	2.245322	19.06048
T11	340	L1	9	6.33	8.787	6.05095	0	0.4979	15.2715	5.725	2.4805	0.80665	0.3912	0.1485	6.1925	5.1785	0.9259	0.8365	1.5075	44.4	43.41506	1.754131	24.75018
T11	340	L1	10	6.39	10.885	5.68895	0.14155	0.8832	13.3515	0	2.3795	0.55585	0.3493	0.177	4.3565	7.3995	0.8635	3.5825	1.2085	45.06	42.00566	1.91238	21.96512
T11	340	L1	11	6.3	9.388	5.47595	0.38325	0.746	12.3515	0	2.4265	0.65955	0.2878	0.1443	3.5165	4.7715	0.8321	5.5265	1.5005	50.79	42.97599	1.889438	22.74538
T11	340	L1	12	6.93	4.414	6.56995	0.29225	0.5957	9.3115	0	1.0775	0.79375	0.3248	0.1332	1.9685	5.0245	1.0305	2.2805	1.0515	43.58	44.57097	1.842701	24.18784
T11	340	L2	13	6.17	21.425	6.97395	0	1.4305	15.7015	0	4.3295	0.31405	0.6555	0.179	3.1915	6.2265	0.7103	6.3315	1.2175	48.61	38.37329	2.267975	16.91963
T11	340	L2	14	8.54	20.875	8.40995	0	0.8221	23.1715	4.635	4.0565	0.71055	0.7524	0.1888	8.8945	7.0575	0.7864	7.9495	2.1945	54.37	38.41085	2.374502	16.17638
T11	340	L2	15	6.48	10.165	5.50895	0.16265	0.1906	13.0615	0	1.0975	0.42285	0.4743	0.0978	2.9705	7.3135	0.6454	1.9275	0.9885	43.59	37.07724	2.458936	15.07857
T11	340	L2	16	6.07	12.555	8.94295	0.03975	0.7614	17.1115	2.285	2.4865	0.63865	0.8017	0.1981	5.7735	5.6585	0.8787	7.2125	2.4325	63.06	41.088	2.123506	19.34913
T12	374	C1	1	2.19	6.049	13.13395	0.39675	0.9555	13.7515	16.275	1.2855	1.16835	1.571	0.9995	3.3415	29.8975	0.9765	3.8035	1.5225	117.15	41.99891	2.193765	19.14467
T12	374	C1	2	4	7.474	18.65395	0.05175	1.0025	10.2515	4.135	1.6865	0.79365	2.262	1.8695	2.6785	6.2635	1.2665	3.9485	1.2305	78.02	38.49684	2.58839	14.87289
T12	374	C1	3	3.31	4.713	13.22395	0.20655	0.8508	8.7065	4.125	1.2705	1.25435	1.45	0.8872	2.4475	5.2425	0.929	2.0905	1.8155	47.16	43.34058	1.984909	21.83504
T12	374	C1	4	3.11	7.899	12.39395	0.16365	2.2155	11.7515	6.875	1.9375	0.82375	1.156	0.9837	1.7715	6.8115	1.0145	14.2295	0.7339	103.35	41.16824	2.066509	19.92164
T12	374	C2	5	2.78	4.856	8.14195	0.20415	1.3825	8.4315	1.465	1.8155	1.29835	1.135	0.7652	1.0055	5.4335	0.8575	4.2735	1.2345	51.08	43.54933	1.896983	22.95715
T12	374	C2	6	2.26	8.931	9.76695	0.22885	1.1265	6.0585	5.185	3.3435	1.49735	1.37	0.9588	4.3585	5.3785	0.9151	2.7145	0.5579	79.91	43.13165	1.824702	23.63764
T12	374	C2	7	2.25	6.225	13.94395	0	1.0585	5.5265	11.335	2.0515	1.02635	1.517	1.3715	2.8315	5.4265	0.863	4.4675	1.2055	85.09	42.67045	1.783045	23.93122
T12	374	C2	8	2.4	8.605	7.67495	0.57255	1.4915	5.6435	12.045	2.0175	1.36035	1.26	0.879	2.5755	6.4425	0.8233	4.0915	0.6989	98.95	43.49944	1.642465	26.48424
T12	374	L1	9	5.06	13.855	4.13295	0.36405	0.7598	12.3115	3.405	1.8505	0.09395	0.2461	0.0956	2.0685	3.0585	0.3191	5.5885	0.7348	78.93	41.58441	1.984915	20.95022
T12	374	L1	10	5.68	14.375	6.36095	0	1.2445	4.0175	2.965	2.2775	0.56555	0.3743	0.1339	4.9865	4.1045	0.9985	6.0555	2.0165	50.53	44.09772	1.700161	25.93738
T12	374	L1	11	4.1	17.855	5.58195	0.01015	0.9605	12.1215	7.375	4.2295	0.21065	0.2906	0.1597	2.7365	6.7955	0.9212	5.5135	1.7745	75.64	41.18249	1.89131	21.77459
T12	374	L1	12	5.63	10.575	4.67695	0.02905	1.0635	7.4525	0.915	2.5055	0.16005	0.2242	0.1307	3.7865	2.4505	0.7521	2.3335	1.0205	104.95	42.94806	1.664926	25.79578
T12	374	L2	13	4.04	12.555	7.35695	0	0.8677	6.3665	4.665	1.7505	0.27635	0.4961	0.1236	2.2455	4.5615	0.7559	5.3775	1.1805	64.1	40.69983	1.639316	24.82732
T12	374	L2	14	5.87	16.145	8.97795	0	1.2445	15.7715	26.605	2.5015	0.20995	0.7481	0.1731	2.9785	7.0915	0.9044	11.3195	1.2215	72.92	39.51702	1.493036	26.46756
T12	374	L2	15	4.4	10.585	10.06395	0	1.1495	9.1015	0	1.1025	0.17805	0.7223	0.1888	3.3635	5.5785	0.9388	4.2995	1.0115	52.36	42.56919	1.711648	24.87029
T12	374	L2	16	3.81	12.895	9.75695	0	1.1155	14.9815	8.935	1.6675	0.13975	0.7332	0.2123	4.1985	5.3945	0.8913	6.3435	0.8473	54.42	39.06258	1.472819	26.52232
